0
11111110110111001011101010011000011101100101010000110010000100000000000100100011010001010110011110001001101010111100110111101111
0000000100100011101010111100110111101111101010111100110111101111111111101101110010111010100110000111011001010100001100100001000000000001001000110100010101100111100010011010101111001101111011110000001001000110100000010011010101111001101010111100110111101111
10101001100011111000011111101001110010111110111101110000001010111110110111001011110100000011011010011101000000110100001100011111
1
10101001100011111000011111101001110010111110111101110000001010111110110111001011110100000011011010011101000000110100001100011111
0001001000111010101111001101111011111010101111001101111011111111111011011100101110101001100001110110010101000011001000010000000000010010001101000101011001111000100110101011110011011110111100000010010001101000000100110101011110011010101111001101111000000001
10001111001001000000010110100101011010011010101011001011111011001111100100110111110011111110100010010001100101110100001101101101
2
10001111001001000000010110100101011010011010101011001011111011001111100100110111110011111110100010010001100101110100001101101101
0010001110101011110011011110111110101011110011011110111111111110110111001011101010011000011101100101010000110010000100000000000100100011010001010110011110001001101010111100110111101111000000100100011010000001001101010111100110101011110011011110000000010010
00101011011011001010111101000010110000111110000001100100010100011101001010110101010011001001100010111000000110011100011010111101
3
00101011011011001010111101000010110000111110000001100100010100011101001010110101010011001001100010111000000110011100011010111101
0011101010111100110111101111101010111100110111101111111111101101110010111010100110000111011001010100001100100001000000000001001000110100010101100111100010011010101111001101111011110000001001000110100000010011010101111001101010111100110111100000000100100011
10111011100000001101101000011001010100111000000010111011100111110001010010110111010101100001101001110110000101111011110100111011
4
10111011100000001101101000011001010100111000000010111011100111110001010010110111010101100001101001110110000101111011110100111011
1010101111001101111011111010101111001101111011111111111011011100101110101001100001110110010101000011001000010000000000010010001101000101011001111000100110101011110011011110111100000010010001101000000100110101011110011010101111001101111000000001001000111010
01011100101101010010011001111100101000111001111110101010011111111001011011011100001101100110010111110011111100101101110011101111
5
01011100101101010010011001111100101000111001111110101010011111111001011011011100001101100110010111110011111100101101110011101111
1011110011011110111110101011110011011110111111111110110111001011101010011000011101100101010000110010000100000000000100100011010001010110011110001001101010111100110111101111000000100100011010000001001101010111100110101011110011011110000000010010001110101011
10100100000101010101010001011111001001000111111100011011000110001101001000011111010001010001001010111000101011111100111001000011
6
10100100000101010101010001011111001001000111111100011011000110001101001000011111010001010001001010111000101011111100111001000011
1100110111101111101010111100110111101111111111101101110010111010100110000111011001010100001100100001000000000001001000110100010101100111100010011010101111001101111011110000001001000110100000010011010101111001101010111100110111100000000100100011101010111100
01110000100000000010001001111110110100001000000000011011011110000111000010011011011111001101001100011010001100111001011010000011
7
01110000100000000010001001111110110100001000000000011011011110000111000010011011011111001101001100011010001100111001011010000011
1101111011111010101111001101111011111111111011011100101110101001100001110110010101000011001000010000000000010010001101000101011001111000100110101011110011011110111100000010010001101000000100110101011110011010101111001101111000000001001000111010101111001101
10001001010000100010111101111111110100110110011111001111011111110011111100011010000001000110011101001011101101010000111011101111
8
10001001010000100010111101111111110100110110011111001111011111110011111100011010000001000110011101001011101101010000111011101111
1110111110101011110011011110111111111110110111001011101010011000011101100101010000110010000100000000000100100011010001010110011110001001101010111100110111101111000000100100011010000001001101010111100110101011110011011110000000010010001110101011110011011110
10101001011111001010101101100111001011110111111010000010010101100000000000100001111010001011110110001010101011010010101010011000
9
10101001011111001010101101100111001011110111111010000010010101100000000000100001111010001011110110001010101011010010101010011000
1111101010111100110111101111111111101101110010111010100110000111011001010100001100100001000000000001001000110100010101100111100010011010101111001101111011110000001001000110100000010011010101111001101010111100110111100000000100100011101010111100110111101111
01111011100101000000100001111001011110100101011000101110011111010010111011100001011011000110110001011011111011011010011011101001
10
01111011100101000000100001111001011110100101011000101110011111010010111011100001011011000110110001011011111011011010011011101001
1010101111001101111011111111111011011100101110101001100001110110010101000011001000010000000000010010001101000101011001111000100110101011110011011110111100000010010001101000000100110101011110011010101111001101111000000001001000111010101111001101111011111010
11001110011110010111100101010001001011000111100101110101101001010011100000011010010011110111110101010010101101001100001111011001
11
11001110011110010111100101010001001011000111100101110101101001010011100000011010010011110111110101010010101101001100001111011001
1011110011011110111111111110110111001011101010011000011101100101010000110010000100000000000100100011010001010110011110001001101010111100110111101111000000100100011010000001001101010111100110101011110011011110000000010010001110101011110011011110111110101011
01110101100100011100001101100101011101010001000110101011011101101111000000011010010010100111010010011010101101001100100011100001
12
01110101100100011100001101100101011101010001000110101011011101101111000000011010010010100111010010011010101101001100100011100001
1100110111101111111111101101110010111010100110000111011001010100001100100001000000000001001000110100010101100111100010011010101111001101111011110000001001000110100000010011010101111001101010111100110111100000000100100011101010111100110111101111101010111100
01010100100010000110101011101110001000110111011000000100111011100110111111111111010110101100010000011010110011111011100010010001
13
01010100100010000110101011101110001000110111011000000100111011100110111111111111010110101100010000011010110011111011100010010001
1101111011111111111011011100101110101001100001110110010101000011001000010000000000010010001101000101011001111000100110101011110011011110111100000010010001101000000100110101011110011010101111001101111000000001001000111010101111001101111011111010101111001101
11100010111011101100001001001001111110001000110010011000011001010111000100000000110011010110100100011001110011100100010111101101
14
11100010111011101100001001001001111110001000110010011000011001010111000100000000110011010110100100011001110011100100010111101101
1110111111111110110111001011101010011000011101100101010000110010000100000000000100100011010001010110011110001001101010111100110111101111000000100100011010000001001101010111100110101011110011011110000000010010001110101011110011011110111110101011110011011110
01100111010000101111010001101011000101100110000011100110010010110101101111010001011010011110110000101110111111011010100101101001
15
01100111010000101111010001101011000101100110000011100110010010110101101111010001011010011110110000101110111111011010100101101001
1111111111101101110010111010100110000111011001010100001100100001000000000001001000110100010101100111100010011010101111001101111011110000001001000110100000010011010101111001101010111100110111100000000100100011101010111100110111101111101010111100110111101111
11010001101010111110011000011000110001000100101110000001010111111101101111011010110001111100001110101110111101000100101110010001
16
11010001101010111110011000011000110001000100101110000001010111111101101111011010110001111100001110101110111101000100101110010001
1111111011011100101110101001100001110110010101000011001000010000000000010010001101000101011001111000100110101011110011011110111100000010010001101000000100110101011110011010101111001101111000000001001000111010101111001101111011111010101111001101111011111111
01110000010111100010001100110100011111100101100000000011100000000110100010011010101011110111000000100010001101000110001111100101
17
01110000010111100010001100110100011111100101100000000011100000000110100010011010101011110111000000100010001101000110001111100101
1110110111001011101010011000011101100101010000110010000100000000000100100011010001010110011110001001101010111100110111101111000000100100011010000001001101010111100110101011110011011110000000010010001110101011110011011110111110101011110011011110111111111110
11111100011100000111110001000111111110110111111001111101111001110010011111011000010101101011000101100010111101101011110010100101
18
11111100011100000111110001000111111110110111111001111101111001110010011111011000010101101011000101100010111101101011110010100101
1101110010111010100110000111011001010100001100100001000000000001001000110100010101100111100010011010101111001101111011110000001001000110100000010011010101111001101010111100110111100000000100100011101010111100110111101111101010111100110111101111111111101101
01111001110001001111101001110000011111011110011011110000101100101111101101010001010011010111100010001111011111011100010111011101
19
01111001110001001111101001110000011111011110011011110000101100101111101101010001010011010111100010001111011111011100010111011101
1100101110101001100001110110010101000011001000010000000000010010001101000101011001111000100110101011110011011110111100000010010001101000000100110101011110011010101111001101111000000001001000111010101111001101111011111010101111001101111011111111111011011100
11101000001010100111100111100110111011100100110010001101010010011110110001000110010011011011101110011110100010001100010110011001
20
11101000001010100111100111100110111011100100110010001101010010011110110001000110010011011011101110011110100010001100010110011001
1011101010011000011101100101010000110010000100000000000100100011010001010110011110001001101010111100110111101111000000100100011010000001001101010111100110101011110011011110000000010010001110101011110011011110111110101011110011011110111111111110110111001011
10001100101001001100110000110010011100100100011000100010001010100000100001010010011011101111000010000010011111001010010001100101
21
10001100101001001100110000110010011100100100011000100010001010100000100001010010011011101111000010000010011111001010010001100101
1010100110000111011001010100001100100001000000000001001000110100010101100111100010011010101111001101111011110000001001000110100000010011010101111001101010111100110111100000000100100011101010111100110111101111101010111100110111101111111111101101110010111010
11011101001010100000000101000001110110010011100011110101100011111110111110000000010001100111110010011011010011101100110011011001
22
11011101001010100000000101000001110110010011100011110101100011111110111110000000010001100111110010011011010011101100110011011001
1001100001110110010101000011001000010000000000010010001101000101011001111000100110101011110011011110111100000010010001101000000100110101011110011010101111001101111000000001001000111010101111001101111011111010101111001101111011111111111011011100101110101001
00001010011010000001100011000110111001011000000101111001000001001111011111110011100011110000010010010010110110111000010001010001
23
00001010011010000001100011000110111001011000000101111001000001001111011111110011100011110000010010010010110110111000010001010001
1000011101100101010000110010000100000000000100100011010001010110011110001001101010111100110111101111000000100100011010000001001101010111100110101011110011011110000000010010001110101011110011011110111110101011110011011110111111111110110111001011101010011000
01110100111110111001000001111101100010000110011110100000110110111001001011101110010101010111110111110111111000001011110111011000
24
01110100111110111001000001111101100010000110011110100000110110111001001011101110010101010111110111110111111000001011110111011000
0111011001010100001100100001000000000001001000110100010101100111100010011010101111001101111011110000001001000110100000010011010101111001101010111100110111100000000100100011101010111100110111101111101010111100110111101111111111101101110010111010100110000111
01011100001000110110011110010000100100010010101011000101100111100011001001111100010010000000010001011000010100101100101101010001
25
01011100001000110110011110010000100100010010101011000101100111100011001001111100010010000000010001011000010100101100101101010001
0110010101000011001000010000000000010010001101000101011001111000100110101011110011011110111100000010010001101000000100110101011110011010101111001101111000000001001000111010101111001101111011111010101111001101111011111111111011011100101110101001100001110110
10111001000111100100111001010010000111011010001011000101110111000010111001010010010110000001100101011100011111001011101100111100
26
10111001000111100100111001010010000111011010001011000101110111000010111001010010010110000001100101011100011111001011101100111100
0101010000110010000100000000000100100011010001010110011110001001101010111100110111101111000000100100011010000001001101010111100110101011110011011110000000010010001110101011110011011110111110101011110011011110111111111110110111001011101010011000011101100101
10100101110110000001110111011111000110000110100100000110101011010001010101010010011011101010011001110101011111001010010010101111
27
10100101110110000001110111011111000110000110100100000110101011010001010101010010011011101010011001110101011111001010010010101111
0100001100100001000000000001001000110100010101100111100010011010101111001101111011110000001001000110100000010011010101111001101010111100110111100000000100100011101010111100110111101111101010111100110111101111111111101101110010111010100110000111011001010100
11000101010011010001011111001010110010111000011000001101111101110010010110110000100001110010011001100101000111101000110000110000
28
11000101010011010001011111001010110010111000011000001101111101110010010110110000100001110010011001100101000111101000110000110000
0011001000010000000000010010001101000101011001111000100110101011110011011110111100000010010001101000000100110101011110011010101111001101111000000001001000111010101111001101111011111010101111001101111011111111111011011100101110101001100001110110010101000011
11000001111101100000010011011000010111100010111011000010111111100010011011100100101101001001010001100011111010100101111011000010
29
11000001111101100000010011011000010111100010111011000010111111100010011011100100101101001001010001100011111010100101111011000010
0010000100000000000100100011010001010110011110001001101010111100110111101111000000100100011010000001001101010111100110101011110011011110000000010010001110101011110011011110111110101011110011011110111111111110110111001011101010011000011101100101010000110010
00110010000011101100010111110110000100011111010101100001111101101100100011111010001001010100001011000001110101001110111000010011
30
00110010000011101100010111110110000100011111010101100001111101101100100011111010001001010100001011000001110101001110111000010011
0001000000000001001000110100010101100111100010011010101111001101111011110000001001000110100000010011010101111001101010111100110111100000000100100011101010111100110111101111101010111100110111101111111111101101110010111010100110000111011001010100001100100001
00010001001110110100010001110111100001110000010111101110000011110010100100010001000000010110001101100001101111100001000111110010
31
00010001001110110100010001110111100001110000010111101110000011110010100100010001000000010110001101100001101111100001000111110010
0000000000010010001101000101011001111000100110101011110011011110111100000010010001101000000100110101011110011010101111001101111000000001001000111010101111001101111011111010101111001101111011111111111011011100101110101001100001110110010101000011001000010000
01111001010100100101110001011110111000000001011110111001000001010011001110101010101011010010011001010111001001000110011000101111
